$ANSIBLE_VAULT;1.1;AES256
32623436346331666535303266626635663133376461393739343034633531616361616131343262
3566396463626561633033366538386334666565393666370a613430313232353439666566303864
37336637343234363432326163653735306239656234613333363764623262663963656539636564
6566316463356565620a353063356266303137373430663436306363303934316265323335396232
66313465353834383237373164383364383764613262353163386435306232633065353733316361
65633862616161363366376264373161316665353232366332313034636232656230613064383264
34376230323861383333633136303666356235636362386464386534306338663263646666363065
61613737313561643663373431316237376162613661613535323263613037383263353462393535
38623961643866326438343237323463663062623465366161663632656462623335376136623361
39613135333233366133633731393730656136383964363436313061646335343637663237633166
61633532313338363864303535323637653236643463383331663435363239623462393262626363
62363961636232633633663563316563333336353234303964373435336532396637373363323362
39356335636163383234313062666535633361326338643637376136353163393766636231613661
61376332393866646637623665646334396265343834633466616432376631633131663539623766
62663162363162366534636365333735613930623534333635336563363964393064616365353865
30303961646262386437323739356461313230353362666531366134323765323165313865633637
34373766646665333431613035666639363466623732323531656537663736333333613963366232
32313666306563316339373738396462353039333664653435653533353334313335663639333736
39666634383930343764663466313861396465646630626564636666373936313338313363383361
34623865343133623831366164303436386336383263373966343166656361333130386132656561
36303064613565313165643839363337373036373739646137356437313638306335393232623463
37393762323961386530396231633166313763653435333763303239623435646533383632393330
61326465613939636139376263623233333030656132646531623639656536626337383864653963
35633365633734373961613732356662613839646332356164303038356130316263383561346261
34356136353664663265356136643264386336623138626265303362303030623632346633353239
30336337313439373564353562303665616164363233336130386434653733376661633364363738
37373265326466336664306364313437313536656564303662636665323331306430393338636637
61666336623366303265656230356531376131643130653035303462653432336132376164646530
66663036336564306264633461386532623765326430646163303964643337663161373035306437
34613738383664633031336233633831613739326534326234653533613061633731303732666232
66633238346132666261313039396531633632356465313238343465396330333265383266323539
65633838303263333836336134376234626530306361623061393832663736633264346165306662
38353432646435646538393362363664333933663733633537303330616438306366643234393739
64393532363363303163303336393635303431643138646131623239383865623164336534373130
35346466633863636134633931363833396461343062303135643636373834653439376161366363
65383236316131373134663933373336303666636333663264356531343733336164343661616631
64356530356234393937636433343539633935626235373866356564343864616561333762643536
64616133646662326165393339633530346438316266343464333834396131333939636664623833
34316230613139663438303235373036616234363666333563643734386265643636666239626236
39326166653835363435383437363761653831386430323330393635316534323136393032326337
33323035313565613863393564343536616534613932386266633861646136303331343832326434
35373434393862643164346437323364333733363936653766626133353165346464386332306332
64313661313366636364613936636138336638353930343333386233643664373964623130396139
37643131343238386161393938326436363730383035383538313330313733393738343766613236
63333661393163616632376661333431346534393035366462633238306530343236343130666462
64613035666162663562336362613037656666323264383134306562316537333933383631383533
30613235326165393134666239303536396366653737353537323735653466336666656465616664
33336462326535386634366564613962626361303033653063633638373737386636373437663662
64366330353661613735343433613330353665363134366162383564363831313530313865623962
63316233653139613230313030306364323338623633613830343939336466346234383063323139
33656638333262613338313264633565336561326531363837623439656663306430396333306130
64316463393833623262326262323865306337373034643730316630366465303938363930636461
33376237363630623038343535636139316337626466373335333236303863306638346431323836
36333863613035333031313230653935363265303764343239363138616363346237663437303661
32393837313430303365626261626432363962353333356530663831306638343635303037336434
35316630303230626134626237363634316233306134366330386532306362303866366464323437
37346339383530343239383633663637323863353135333663316666356565366234396532313335
36643030633739336434356462646134323062656339323562396230613963653866663037653238
62353532303133396566623861656631613433653366656564393466313838613863383765646630
65643434333531393133353435376565383339623638396464623831383236393630383635666163
65393933333566626263313464396165616437643866636436373463366232336561336463366665
61646336373663333631303134633061393661613232323262663466366231626561383065646237
37613165613036353961353035636432303563393438346233343636336136376134393731386330
64383464313531303834393736376339643765393062363364656664653565316231356662643431
38663063666536326432393935346665656634353761663339373062353966336238383534613264
66363166653564626232613532343866373433373635383637353462363332333634393734616235
66316330356530656239346364393338323733376634663362353461356334653736343537616630
30313335303264663661363836383064313739386132643037363437363361313138326431313763
36663632616265343264356138623935393831393437333937613961393634343731633033383838
36616364393432343030303835376532393830373839613734323664356232643363356364353335
64636361656139393130373261623632396539623338393963383562376432393531363935323533
33623039626330393534626431636264356538346135326565613432613862316531633462623032
65363865316132663161353865343064303730643630666563636435653936643835613235343136
37386530346462636536373232616439633839656336653830386132616438363931623866383863
63623430323063623138383533343534346338363638303637643061666333613639613635663163
30666361363434393664316338313733306131363935336462623132323463666335326532633464
66613933643238623562353633656564393738633537316137646633363131313565373435666437
64633338646132646633393764366439616537616536636438313137336137336161633133626435
65386231633763353462373464313765303165663363326135316464616137303363633931616561
31313863373037386136393134343464336434366166386266656532623838303265316335653961
66366630653062303931396339396139626438636661343761383532333237366565633964633633
36333765336338636166393030396364653635363861346439326362646664376430353337313537
33636162313031383330383231393061353066666139663038613731623534653864373762343235
36396363343932383262336463383961376139636362353364393130656261643733663339323335
65333237336664373562336435333433373164356337363763623539343736633066356261633135
63363232633966623462316663306535353032663634623066613466333665363966666333333032
32643935333032386233393666346437323336626662613037636130653830393964663733363161
62346661343863346438366135323835343431333738383135323061626238383865376337386432
39386235616234633338653439343165336434346231663061613261333036653832376437373235
34376439363463663065323031363639316266626561663265666337633231643836646438666231
39613233363736623665636461353738663839346661303632366438366330393837353261623362
30636133323933313239643561396339333131303035613135636536656261306435626139326331
32336261303030366634386535323434363466313637643234376437383564326532333030306136
36646631393361643664633264663366383133643332376435616132306564633036383662363837
32366537663734623632633836666162663063323735653535383337306631616561663235656538
63386539343766333039623666306463323562373538613731343862343637303439323131613933
66623333326461356363323265343232343836616536393465343037393561353562
